run : 1  event:  171055  weight: 0.000426568
run : 1  event:  559689  weight: 0.00041255
total events are: 2
